255 255 255 255 255 255 255 255 255 255 255 255 255 255 255 255
255  74  40  40  40  60 255 208 208 114  60  40  40  40  74 255
255  40 213 151 206  24 187 232 232 155  24 206 151 213  40 255
255  40 151   0 135  24 250 253 253  93  24 135   0 151  40 255
255  40 206 135 199  24 255  26  26 176  24 199 135 206  40 255
255  60  24  24  24  46  88 199 199 104  46  24  24  24  60 255
255 114  88 250  88  88  30 199 199  88  88 255 250 187 255 255
255  87 151 247 124 204 125 167  12 167 180 120   6  81 255 255
255 255 114 253  30 185 186  12  12  37 180  26   6  81  87 255
255 114 155  93  88  88 139   0  69 197   8 166  85   0 255 255
255  60  24  24  24  46  88 231 250 104 233 146 254 231  60 255
255  40 206 135 199  24  88 120 225 176  24 199 247  71 154 255
255  40 151   0 135  24 250  60  54 167 224 120   8 106 248 255
255  40 213 151 206  24  88 114  33  68 137  49   5 124 167 255
255  74  40  40  40  60 114  87  87 181  40 140  40  40  74 255
255 255 255 255 255 255 255 255 255 255 255 255 255 255 255 255
255 255 255 255 255 255 255 255 255 255 255 255 255 255 255 255
255  74  40  40  40  60 255 208 208 114  60  40  40  40  74 255
255  40 213 151 206  24 187 232 232 155  24 206 151 213  40 255
255  40 151   0 135  24 250 253 253  93  24 135   0 151  40 255
255  40 206 135 199  24 255  26  26 176  24 199 135 206  40 255
255  60  24  24  24  46  88 199 199 104  46  24  24  24  60 255
255 114  88 250  88  88  30 199 199  88  88 255 250 187 255 255
255  87 151 247 124 204 125 167  12 167 180 120   6  81 255 255
255 255 114 253  30 185 186  12  12  37 180  26   6  81  87 255
255 114 155  93  88  88 139   0  69 197   8 166  85   0 255 255
255  60  24  24  24  46  88 231 250 104 233 146 254 231  60 255
255  40 206 135 199  24  88 120 225 176  24 199 247  71 154 255
255  40 151   0 135  24 250  60  54 167 224 120   8 106 248 255
255  40 213 151 206  24  88 114  33  68 137  49   5 124 167 255
255  74  40  40  40  60 114  87  87 181  40 140  40  40  74 255
255 255 255 255 255 255 255 255 255 255 255 255 255 255 255 255
255 255 255 255 255 255 255 255 255 255 255 255 255 255 255 255
255  74  40  40  40  60 255 208 208 114  60  40  40  40  74 255
255  40 213 151 206  24 187 232 232 155  24 206 151 213  40 255
255  40 151   0 135  24 250 253 253  93  24 135   0 151  40 255
255  40 206 135 199  24 255  26  26 176  24 199 135 206  40 255
255  60  24  24  24  46  88 199 199 104  46  24  24  24  60 255
255 114  88 250  88  88  30 199 199  88  88 255 250 187 255 255
255  87 151 247 124 204 125 167  12 167 180 120   6  81 255 255
255 255 114 253  30 185 186  12  12  37 180  26   6  81  87 255
255 114 155  93  88  88 139   0  69 197   8 166  85   0 255 255
255  60  24  24  24  46  88 231 250 104 233 146 254 231  60 255
255  40 206 135 199  24  88 120 225 176  24 199 247  71 154 255
255  40 151   0 135  24 250  60  54 167 224 120   8 106 248 255
255  40 213 151 206  24  88 114  33  68 137  49   5 124 167 255
255  74  40  40  40  60 114  87  87 181  40 140  40  40  74 255
255 255 255 255 255 255 255 255 255 255 255 255 255 255 255 255

255 255 255 255 255 255 255 255 255 255 255 255 255 255 255 255
255  73  40  40  40  60 255 255  87 255  60 154 248 168  73 255
255  40 213 151 206  24 187  81  81   0 231  71 105 123  40 255
255  40 151   0 135  24 250   6   6  85 254 247   8   5  40 255
255  40 206 135 199  24 255 120  26 166 147 199 120  49 141 255
255  60  24  24  24  46  88 181 181   8 233  24 224 137  40 255
255 114 156  93 177 103  88 167  37 197 103 177 167  68 181 255
255 208 232 253  26 199 199  12  12  68 250 225  54  33  87 255
255 208 232 253  26 199 199 168  12   0 231 120  60 114  87 255
255 255 187 250 255  88  30 124 187 140  88  88 250  88 114 255
255  60  24  24  24  46  88 204 186  88  46  24  24  24  60 255
255  40 206 135 199  24  88 123  30  88  24 199 135 206  40 255
255  40 151   0 135  24 250 247 253  93  24 135   0 151  40 255
255  40 213 151 206  24  88 151 114 156  24 206 151 213  40 255
255  73  40  40  40  60 114  87 255 114  60  40  40  40  73 255
255 255 255 255 255 255 255 255 255 255 255 255 255 255 255 255
255 255 255 255 255 255 255 255 255 255 255 255 255 255 255 255
255  73  40  40  40  60 255 255  87 255  60 154 248 168  73 255
255  40 213 151 206  24 187  81  81   0 231  71 105 123  40 255
255  40 151   0 135  24 250   6   6  85 254 247   8   5  40 255
255  40 206 135 199  24 255 120  26 166 147 199 120  49 141 255
255  60  24  24  24  46  88 181 181   8 233  24 224 137  40 255
255 114 156  93 177 103  88 167  37 197 103 177 167  68 181 255
255 208 232 253  26 199 199  12  12  68 250 225  54  33  87 255
255 208 232 253  26 199 199 168  12   0 231 120  60 114  87 255
255 255 187 250 255  88  30 124 187 140  88  88 250  88 114 255
255  60  24  24  24  46  88 204 186  88  46  24  24  24  60 255
255  40 206 135 199  24  88 123  30  88  24 199 135 206  40 255
255  40 151   0 135  24 250 247 253  93  24 135   0 151  40 255
255  40 213 151 206  24  88 151 114 156  24 206 151 213  40 255
255  73  40  40  40  60 114  87 255 114  60  40  40  40  73 255
255 255 255 255 255 255 255 255 255 255 255 255 255 255 255 255
255 255 255 255 255 255 255 255 255 255 255 255 255 255 255 255
255  73  40  40  40  60 255 255  87 255  60 154 248 168  73 255
255  40 213 151 206  24 187  81  81   0 231  71 105 123  40 255
255  40 151   0 135  24 250   6   6  85 254 247   8   5  40 255
255  40 206 135 199  24 255 120  26 166 147 199 120  49 141 255
255  60  24  24  24  46  88 181 181   8 233  24 224 137  40 255
255 114 156  93 177 103  88 167  37 197 103 177 167  68 181 255
255 208 232 253  26 199 199  12  12  68 250 225  54  33  87 255
255 208 232 253  26 199 199 168  12   0 231 120  60 114  87 255
255 255 187 250 255  88  30 124 187 140  88  88 250  88 114 255
255  60  24  24  24  46  88 204 186  88  46  24  24  24  60 255
255  40 206 135 199  24  88 123  30  88  24 199 135 206  40 255
255  40 151   0 135  24 250 247 253  93  24 135   0 151  40 255
255  40 213 151 206  24  88 151 114 156  24 206 151 213  40 255
255  73  40  40  40  60 114  87 255 114  60  40  40  40  73 255
255 255 255 255 255 255 255 255 255 255 255 255 255 255 255 255

255 255 255 255 255 255 255 255 255 255 255 255 255 255 255 255
255  73  40  40 141  40 181  87  87 114  60  40  40  40  73 255
255 168 123   5  49 137  68  33 114  88  24 206 151 213  40 255
255 248 105   8 120 224 167  54  60 250  24 135   0 151  40 255
255 154  71 247 199  24 177 225 120  88  24 199 135 206  40 255
255  60 231 254 147 233 103 250 231  88  46  24  24  24  60 255
255 255   0  85 166   8 197  68   0 140  88  88  93 156 114 255
255  87  81   6  26 181  37  12  12 187 186  30 253 114 255 255
255 255  81   6 120 181 167  12 168 124 204 123 247 151  87 255
255 255 187 250 255  88  88 199 199  30  88  88 250  88 114 255
255  60  24  24  24  46 103 199 199  88  46  24  24  24  60 255
255  40 206 135 199  24 177  26  26 255  24 199 135 206  40 255
255  40 151   0 135  24  93 253 253 250  24 135   0 151  40 255
255  40 213 151 206  24 156 232 232 187  24 206 151 213  40 255
255  73  40  40  40  60 114 208 208 255  60  40  40  40  73 255
255 255 255 255 255 255 255 255 255 255 255 255 255 255 255 255
255 255 255 255 255 255 255 255 255 255 255 255 255 255 255 255
255  73  40  40 141  40 181  87  87 114  60  40  40  40  73 255
255 168 123   5  49 137  68  33 114  88  24 206 151 213  40 255
255 248 105   8 120 224 167  54  60 250  24 135   0 151  40 255
255 154  71 247 199  24 177 225 120  88  24 199 135 206  40 255
255  60 231 254 147 233 103 250 231  88  46  24  24  24  60 255
255 255   0  85 166   8 197  68   0 140  88  88  93 156 114 255
255  87  81   6  26 181  37  12  12 187 186  30 253 114 255 255
255 255  81   6 120 181 167  12 168 124 204 123 247 151  87 255
255 255 187 250 255  88  88 199 199  30  88  88 250  88 114 255
255  60  24  24  24  46 103 199 199  88  46  24  24  24  60 255
255  40 206 135 199  24 177  26  26 255  24 199 135 206  40 255
255  40 151   0 135  24  93 253 253 250  24 135   0 151  40 255
255  40 213 151 206  24 156 232 232 187  24 206 151 213  40 255
255  73  40  40  40  60 114 208 208 255  60  40  40  40  73 255
255 255 255 255 255 255 255 255 255 255 255 255 255 255 255 255
255 255 255 255 255 255 255 255 255 255 255 255 255 255 255 255
255  73  40  40 141  40 181  87  87 114  60  40  40  40  73 255
255 168 123   5  49 137  68  33 114  88  24 206 151 213  40 255
255 248 105   8 120 224 167  54  60 250  24 135   0 151  40 255
255 154  71 247 199  24 177 225 120  88  24 199 135 206  40 255
255  60 231 254 147 233 103 250 231  88  46  24  24  24  60 255
255 255   0  85 166   8 197  68   0 140  88  88  93 156 114 255
255  87  81   6  26 181  37  12  12 187 186  30 253 114 255 255
255 255  81   6 120 181 167  12 168 124 204 123 247 151  87 255
255 255 187 250 255  88  88 199 199  30  88  88 250  88 114 255
255  60  24  24  24  46 103 199 199  88  46  24  24  24  60 255
255  40 206 135 199  24 177  26  26 255  24 199 135 206  40 255
255  40 151   0 135  24  93 253 253 250  24 135   0 151  40 255
255  40 213 151 206  24 156 232 232 187  24 206 151 213  40 255
255  73  40  40  40  60 114 208 208 255  60  40  40  40  73 255
255 255 255 255 255 255 255 255 255 255 255 255 255 255 255 255

255 255 255 255 255 255 255 255 255 255 255 255 255 255 255 255
255  73  40  40  40  60 114 255  87 114  60  40  40  40  73 255
255  40 213 151 206  24 156 114 151  88  24 206 151 213  40 255
255  40 151   0 135  24  93 253 247 250  24 135   0 151  40 255
255  40 206 135 199  24  88  30 123  88  24 199 135 206  40 255
255  60  24  24  24  46  88 186 204  88  46  24  24  24  60 255
255 114  88 250  88  88 140 187 124  30  88 255 250 187 255 255
255  87 114  60 120 231   0  12 168 199 199  26 253 232 208 255
255  87  33  54 225 250  68  12  12 199 199  26 253 232 208 255
255 181  68 167 177 103 197  37 167  88 103 177  93 156 114 255
255  40 137 224  24 233   8 181 181  88  46  24  24  24  60 255
255 141  49 120 199 147 166  26 120 255  24 199 135 206  40 255
255  40   5   8 247 254  85   6   6 250  24 135   0 151  40 255
255  40 123 105  71 231   0  81  81 187  24 206 151 213  40 255
255  73 168 248 154  60 255  87 255 255  60  40  40  40  73 255
255 255 255 255 255 255 255 255 255 255 255 255 255 255 255 255
255 255 255 255 255 255 255 255 255 255 255 255 255 255 255 255
255  73  40  40  40  60 114 255  87 114  60  40  40  40  73 255
255  40 213 151 206  24 156 114 151  88  24 206 151 213  40 255
255  40 151   0 135  24  93 253 247 250  24 135   0 151  40 255
255  40 206 135 199  24  88  30 123  88  24 199 135 206  40 255
255  60  24  24  24  46  88 186 204  88  46  24  24  24  60 255
255 114  88 250  88  88 140 187 124  30  88 255 250 187 255 255
255  87 114  60 120 231   0  12 168 199 199  26 253 232 208 255
255  87  33  54 225 250  68  12  12 199 199  26 253 232 208 255
255 181  68 167 177 103 197  37 167  88 103 177  93 156 114 255
255  40 137 224  24 233   8 181 181  88  46  24  24  24  60 255
255 141  49 120 199 147 166  26 120 255  24 199 135 206  40 255
255  40   5   8 247 254  85   6   6 250  24 135   0 151  40 255
255  40 123 105  71 231   0  81  81 187  24 206 151 213  40 255
255  73 168 248 154  60 255  87 255 255  60  40  40  40  73 255
255 255 255 255 255 255 255 255 255 255 255 255 255 255 255 255
255 255 255 255 255 255 255 255 255 255 255 255 255 255 255 255
255  73  40  40  40  60 114 255  87 114  60  40  40  40  73 255
255  40 213 151 206  24 156 114 151  88  24 206 151 213  40 255
255  40 151   0 135  24  93 253 247 250  24 135   0 151  40 255
255  40 206 135 199  24  88  30 123  88  24 199 135 206  40 255
255  60  24  24  24  46  88 186 204  88  46  24  24  24  60 255
255 114  88 250  88  88 140 187 124  30  88 255 250 187 255 255
255  87 114  60 120 231   0  12 168 199 199  26 253 232 208 255
255  87  33  54 225 250  68  12  12 199 199  26 253 232 208 255
255 181  68 167 177 103 197  37 167  88 103 177  93 156 114 255
255  40 137 224  24 233   8 181 181  88  46  24  24  24  60 255
255 141  49 120 199 147 166  26 120 255  24 199 135 206  40 255
255  40   5   8 247 254  85   6   6 250  24 135   0 151  40 255
255  40 123 105  71 231   0  81  81 187  24 206 151 213  40 255
255  73 168 248 154  60 255  87 255 255  60  40  40  40  73 255
255 255 255 255 255 255 255 255 255 255 255 255 255 255 255 255
